Accuracy: 0.4961

              precision    recall  f1-score   support

      Barley       0.42      0.34      0.37       101
        Bean       0.18      0.04      0.06        51
     Dagussa       0.00      0.00      0.00        14
      Fallow       0.00      0.00      0.00         5
       Maize       0.51      0.64      0.57       146
  Niger seed       0.00      0.00      0.00        13
         Pea       0.60      0.16      0.25        19
      Potato       0.33      0.10      0.15        10
  Red Pepper       0.00      0.00      0.00         6
     Sorghum       0.00      0.00      0.00        14
        Teff       0.54      0.77      0.64       252
       Wheat       0.45      0.39      0.42       143

    accuracy                           0.50       774
   macro avg       0.25      0.20      0.21       774
weighted avg       0.44      0.50      0.45       774


Confusion matrix:
[[ 34   2   0   0  15   0   0   2   0   0  23  25]
 [  9   2   0   0   6   0   0   0   0   0  24  10]
 [  0   0   0   0   9   1   0   0   0   0   3   1]
 [  1   1   0   0   0   0   0   0   0   0   3   0]
 [  1   0   2   0  94   0   1   0   2   0  35  11]
 [  1   0   0   0   4   0   0   0   0   0   6   2]
 [  0   0   0   0   0   0   3   0   0   0  15   1]
 [  3   0   0   0   2   0   0   1   0   0   1   3]
 [  1   0   0   0   4   0   0   0   0   0   1   0]
 [  1   1   0   0   4   1   0   0   0   0   7   0]
 [  8   2   2   0  28   0   1   0   0   1 194  16]
 [ 22   3   0   0  17   0   0   0   0   0  45  56]]